$ANSIBLE_VAULT;1.1;AES256
38393735333664393366623463386538313731383033363036373937306137623036343665336361
3533633438363439323265366533356535643163383266650a653265353134636338383765393135
65316333323862376632313663306137313538356234653132303935653962383464326433656564
3237346231643862320a353564383335643139353835316663636338303064653032656538323237
61623465666635626362353135336130303630323963633533326531353962623338623033633865
32393135343837656634653431626665356438363830623533653963353364353936356265376134
61373463363462326332653837643532326234656335663339663563623834303434343539643330
31373664326366623236363531393338613534653234613464303236363364633935343434323562
61313336346463383462326365653166353936633836373533626335346535323437346565626361
30656361373634633833353831383533616434613735333766626633663735323636383933313738
62613430393133663161333934643261363564613634386134666336326335386664626532383436
39643066633461393638396365306539613634376166633639613434333562646532386333333436
31373961616162386431373034386331623738346665613539353736616165313130373131303261
61616632656362663138663432636636616265366435643035326538306135323237363633323739
65393933393131653138656564633138373237643733303639613233666136383263646533613361
31336239316565626130666638663961313834356231343164643936353866363233333132356265
33343863636434636362383839646331623762623735356533333232643733396634623738393866
66623434326662356266386133623434643233393665376464623039396330653966633366636134
35386163376431633861636232343133333631356531666161663464613130333339373330663930
37633662623539363463663562313538383134653934313866386230393033633734623537313332
35666463363162333761633232353463623737663034383563623134323736663532356364653232
33616330313637323966623530323064383435323832383863386534386438343133396336306534
34336264363031343964303037306131376132323365663534363865646264346531353962376637
64646239643833353764656462396665663632613432383031383736663665653537383839303736
66646432343962626265613964636462666530353566376466306538383030336138
