$ANSIBLE_VAULT;1.1;AES256
30303234306639333562383438316466653239313938346237636638346534646361366633356534
6632313331313030396635336364636435396134366331340a623032643466386261306364313039
33313832316338333236376166396466376531343031356463623534623239666338306338373235
3939616661343732340a383239623066316261326365333534393365366531653365383966623739
31633638383438666530663537316635303932646133623930383563323030326661643633646563
33323535613764313832336432346666666130633235623235393739643362663763303335386561
38306430363065363134393830346165613861663432396431656263626261393666393632343930
39646362363431646638313136613934353639656335653262383432383461353336666135653163
36366665626533306263323764383936663636646564663532343932653963613736303839633463
36383634316265356266666162636536353132303633613232373665356362386335633561636239
35626165343762656437333937633363626330343238666265383263313566313139326430653332
32626565646236396533666137366636376234343938616565653664316632343737373766646339
32646539376536383737316337656335306237326234343631663934366338323639666365323536
63613761326261373934363339613033313935653732306437376461393662326134376161393730
61666532366237626164356465623439373764626562363666643134653461633535626432663335
64646136353838373065376166656664633232393837633062653534613738333431333535653435
34373739613334396130626430633163306564393837643364363230356166323061306330363761
32633835613337386261353132623638356437623538353161623732383263303632316532663733
31393566373132653962306134653732313534616337393731383331656239373135643766363233
37623065303931336635343234323966323565356461623734326534613861653930663633633661
36313365646439353764613961343635633336636334663239323961393461613261656335633362
33383762646335643464613939383434623765323464623038633261636536316434643963353834
66373334623161346239313734646230303262613235386362643038353837623964373663636463
30336662346136393036653038336635646661326366353463323631373039663037333334613039
65643636633536663563323161646230363933363764306437383233316266303262343134393935
32663839636362313436373265306438616234373137323263653537343433656665333765316532
61356133666330626236396637366362323436313438663666346439343435333661306361323639
38356166393539376538643535623966636135396132383230666136656665313164616136333562
37323733646433643835333033303132323531333933623739656463306364643335316537393934
36666431666363613337626434613439663938666664373232333131666630623230636263633335
36363535353533663861316362663731623935663165346264626132343539626335383235336137
39393033393631323035323830363332633532343331623564656362323036353561623031363162
64336332633639303338363337323031633935306532373437363036346630386664656465613237
35656438306237386563353239633430663365666432636432386233303534383937386266326239
64363762303265666532326636646634653334633636366430616438393834316662376265313862
34323735666538383964653735343562616536356334626335306662343035336531653766383362
39363536313061643661343764623764396166326631643338666134353736343830383731353262
61366531393666636137316162336565616534326235373864383436373231333162343433376364
64653532303063386663656237313263303937656231656266363961313333643633653831363165
32366662663038646430326362346434646131393533303035633336333764316431313235343063
37656635356634343537646431336330323566336534396563383437393364343132653633323039
64303564633465306135303961303164643735383962653538343664613331393539353034356234
32336266663965623039356336303961383632356238356337343335636433343663376261396336
37313236346666623335643166623864663836636162343931646332366431363932303166363037
37633231353263653433623865393634623432373930363837636538643835343935666464313037
30653362363831653666623030353963313738663733386238646164373066336461323838393433
34316562323461373737323937616462336130356334613436646339633232336135623631326161
63353834313730633336383431623737333731653130393235376239613933353561666536383635
62393964316233656130373237333165613836616437366231623732653062663431333333383662
34663638626532303163356538363833313834626638313662323338373561396264323537323133
61353935383962323330363366663563626366343562386436336430303663643861623039303831
30636666626331316338376133623364313866383366336564653137313239376332666534633834
34663761313566626436316465396365383661366135333930353335366236663038663031363631
65363534643966623864636138663234636165343461633463616365646130323838653662396563
36623334316231396239396165643064323031303133353238366537613031316338663938386339
65623861396533353065636365616366326539343764323362633939333931323633383236323137
37326139386632373333636134653563383734356463636132633834363162393731323134323434
36386535623866313864353662643933393633333161343030323833613938353434653530313736
30366135653563646363316231393033616661643561633536653565366237333336653938346562
39653731633665666234643138353639373937643936373733316531636263346133343635373139
30306137636633323439326338333561333039663966326233326664383038636538396436663061
31616537666230636462366430643665343136306135333639303232346633353766313530373061
39386365623432333636306135663834373661633630653132323262643663313664356530393131
35326435346232353439353633396633393266626562393636396637333535393862646130303836
64653231643365626639303836653561356164326537643261383239313166303662636661363531
38366635653761633631653133376639353466376664326536653137396434633039633935313535
65613566303531633739366563306666656463306161396461633932393038613839656436363333
30383937666231616139393065643339386630373962323631626230373461653938313065393964
32393930326234323639383833383466326639393165616532633037336232363564326564366661
64383238323334316231643837663164663137343132623763616662366664326663616234333063
32313532373561633134346464353562643361333762323161316232643765363037356437376562
63613962613536336432316234353832316433623537373962356134366261616364323166333939
66613561623138306663633133323333313663663761323164363064383537613533633635396638
33326531303839313735653537303163376231343034636538666265656130363130333936346238
36333539303761623761376561373564633166616337636662383164653833326534346461363936
30306233336464313930343630633665303838386236623461613764623830383661663136626165
65383763386335623931633362336332333965303438623861653462613566303664383465383666
39643232393132396433313237646363303332346433313663313364636662386662316665623234
33333239623762356561656232643335366636373733333333333536313539373563373938386435
39613432666161636334373931663434363765383836313539353263366464356531383533373733
31336339313930393733373766623931383032363034633635643862646665373064313030353837
61396366373231343863383638373061316236663461373539343837333261633237613862343362
31396636323162666566623961333439613064363737376465643030326137343634653561643431
66366438633765646138646365663933353164343962623533373636363531343564333062393761
62316139633066326238333363653338363832623666663332393435643637646366313463656531
38343266643139383264326164386366323232363163363165333664313265346233626235643238
62346236373132363165386231393034383039386332636530376634613165613030663966323630
31346461313433646361
