$ANSIBLE_VAULT;1.1;AES256
33626262666665333839386565316266336262333463636333383832383335666238613930643065
6165663238336261323531393538373832643664663564300a343330363431646463653561613339
64313131623834316334383264656331656439343566623166616339386339613230373739316233
6337393366303863650a333630386332636439326538396237326463656436323837333530323664
38376232343162643638313161376634323433623930353836343965663832333731343463306364
33613838613365643863336235316231643036323866366233396235626335393038366361343564
39323638343836646439363864333137323161353264313964363931633830383833666663316262
39343562663334396664393137356363646437386335646433326639386661303132333831616131
35386135333665633962623862313431313766646437326537656238373362363031316465663835
30613462303330666236353335313838373138383936383965396532663638646331663738386135
64326136646432376439323861633864306639333765346466333663343233656662336431626238
35653531653063343836303364313235623838636361383739366136383539326234396533636531
33393338663038346664323866323035313130346230356132356436303365333537643133393063
66326461666463626161326433313834646238343566323438393634616262323165323062656635
32666434643932396634393634343634363932336435643266616263316433366563333134336364
62366234316435356437666363663934376565643036653332653937313635353134356662623935
33346433326663326630396665326462356134333939396465666138323238616536
